00000000000000000000000000000000
00000000000000000000000000000000
11111111111111111111111111111111
11111111111111111111111111111011
11111111111111111111111111111010
00000000000000000000000000000100
00000000000000000000000000010110
00000000000000000000000000010000
11111111111111111111111111100010
11111111111111111111111110111000
11111111111111111111111111101000
00000000000000000000000001101110
00000000000000000000000010101000
11111111111111111111111111110101
11111111111111111111111011001111
11111111111111111111111011001001
00000000000000000000000010101010
00000000000000000000001010101000
00000000000000000000000110111010
11111111111111111111110110100101
11111111111111111111101011100100
11111111111111111111111001010100
00000000000000000000011000011101
00000000000000000000100011110110
11111111111111111111111111010010
11111111111111111111000100101110
11111111111111111110111110101100
00000000000000000000100100010010
00000000000000000011010100100101
00000000000000000101011111010000
00000000000000000101011111010000
00000000000000000011010100100101
00000000000000000000100100010010
11111111111111111110111110101100
11111111111111111111000100101110
11111111111111111111111111010010
00000000000000000000100011110110
00000000000000000000011000011101
11111111111111111111111001010100
11111111111111111111101011100100
11111111111111111111110110100101
00000000000000000000000110111010
00000000000000000000001010101000
00000000000000000000000010101010
11111111111111111111111011001001
11111111111111111111111011001111
11111111111111111111111111110101
00000000000000000000000010101000
00000000000000000000000001101110
11111111111111111111111111101000
11111111111111111111111110111000
11111111111111111111111111100010
00000000000000000000000000010000
00000000000000000000000000010110
00000000000000000000000000000100
11111111111111111111111111111010
11111111111111111111111111111011
11111111111111111111111111111111
00000000000000000000000000000000
00000000000000000000000000000000